0 5 11.994122549190608
1 5 11.992352474951737
2 5 11.991204693343734
3 5 11.990486463746064
4 5 11.990011447939397
5 5 11.989675978595715
6 5 11.989426115751895
7 5 11.989232362820118
8 5 11.98907742559869
9 5 11.988950508023343
10 5 11.988844517132476
11 5 11.988754597349855
12 5 11.988677310853108
13 5 11.988610153516328
14 5 11.988551256013524
15 5 11.988499192455798
16 5 11.988452854162526
17 5 11.98841136425585
18 5 11.988374018582933
19 5 11.988340244023567
20 5 11.988309568521915
21 5 11.988281599172446
22 5 11.988256005932177
23 5 11.988232509324748
24 5 11.988210871020025
25 5 11.988190886515651
26 5 11.988172379374152
27 5 11.988155196630553
28 5 11.988139205089883
29 5 11.988124288312587
30 5 11.988110344135821
31 5 11.988097282619506
32 5 11.988085024332412
33 5 11.988073498912263
34 5 11.98806264384951
35 5 11.988052403455633
36 5 11.988042727984187
37 5 11.988033572879086
38 5 11.988024898129604
39 5 11.988016667715435
40 5 11.98800884912828
41 5 11.988001412958669
42 5 11.987994332536827
43 5 11.987987583621319
44 5 11.987981144128694
45 5 11.987974993897167
46 5 11.987969114480029
47 5 11.987963488965157
48 5 11.9879581018166
49 5 11.98795293873563
0 25 11.94070874229947
1 25 11.930121570522541
2 25 11.923211520227829
3 25 11.918850000873263
4 25 11.915957613908176
5 25 11.91392455418444
6 25 11.912425065161274
7 25 11.911276716768935
8 25 11.910370885621042
9 25 11.909639248666117
10 25 11.90903680128414
11 25 11.908532729285708
12 25 11.90810523577665
13 25 11.907738471400947
14 25 11.907420637948144
15 25 11.907142774529737
16 25 11.90689795595172
17 25 11.906680748522287
18 25 11.906486831563228
19 25 11.906312728496571
20 25 11.90615561214444
21 25 11.906013161377656
22 25 11.905883453967991
23 25 11.905764885411566
24 25 11.90565610666441
25 25 11.905555975850625
26 25 11.90546352042411
27 25 11.905377907246363
28 25 11.90529841872143
29 25 11.90522443361562
0 5 11.994122549190608
1 5 11.992352474951737
2 5 11.991204693343734
3 5 11.990486463746064
4 5 11.990011447939397
5 5 11.989675978595715
6 5 11.989426115751895
7 5 11.989232362820118
8 5 11.98907742559869
9 5 11.988950508023343
10 5 11.988844517132476
11 5 11.988754597349855
12 5 11.988677310853108
13 5 11.988610153516328
14 5 11.988551256013524
15 5 11.988499192455798
16 5 11.988452854162526
17 5 11.98841136425585
18 5 11.988374018582933
19 5 11.988340244023567
20 5 11.988309568521915
21 5 11.988281599172446
22 5 11.988256005932177
23 5 11.988232509324748
24 5 11.988210871020025
25 5 11.988190886515651
26 5 11.988172379374152
27 5 11.988155196630553
28 5 11.988139205089883
29 5 11.988124288312587
30 5 11.988110344135821
31 5 11.988097282619506
32 5 11.988085024332412
33 5 11.988073498912263
34 5 11.98806264384951
35 5 11.988052403455633
36 5 11.988042727984187
37 5 11.988033572879086
38 5 11.988024898129604
39 5 11.988016667715435
40 5 11.98800884912828
41 5 11.988001412958669
42 5 11.987994332536827
43 5 11.987987583621319
44 5 11.987981144128694
45 5 11.987974993897167
46 5 11.987969114480029
47 5 11.987963488965157
48 5 11.9879581018166
49 5 11.98795293873563
50 5 11.987947986537462
51 5 11.987943233043675
52 5 11.987938666985995
53 5 11.98793427792151
54 5 11.987930056158138
55 5 11.987925992685906
56 5 11.98792207911868
57 5 11.987918307640038
58 5 11.98791467095503
59 5 11.987911162247688
60 5 11.98790777514202
61 5 11.98790450366717
62 5 11.987901342225744
63 5 11.98789828556534
64 5 11.987895328752412
65 5 11.987892467149248
66 5 11.987889696391658
67 5 11.987887012370173
68 5 11.987884411211505
69 5 11.987881889262537
70 5 11.987879443075586
71 5 11.987877069393448
72 5 11.987874765137997
73 5 11.987872527397343
74 5 11.987870353416277
75 5 11.987868240585042
76 5 11.987866186430583
77 5 11.987864188608448
78 5 11.987862244894304
79 5 11.987860353176357
80 5 11.98785851144966
81 5 11.987856717807963
82 5 11.987854970439848
83 5 11.98785326762161
84 5 11.987851607712773
85 5 11.98784998915143
86 5 11.987848410449166
87 5 11.987846870187573
88 5 11.987845367014035
89 5 11.987843899637808
90 5 11.987842466826969
91 5 11.98784106740532
92 5 11.987839700248758
93 5 11.987838364283112
94 5 11.987837058480968
95 5 11.987835781859753
96 5 11.987834533478566
97 5 11.987833312436962
98 5 11.987832117872104
99 5 11.987830948957308
0 25 11.94070874229947
1 25 11.930121570522541
2 25 11.923211520227829
3 25 11.918850000873263
4 25 11.915957613908176
5 25 11.91392455418444
6 25 11.912425065161274
7 25 11.911276716768935
8 25 11.910370885621042
9 25 11.909639248666117
10 25 11.90903680128414
11 25 11.908532729285708
12 25 11.90810523577665
13 25 11.907738471400947
14 25 11.907420637948144
15 25 11.907142774529737
16 25 11.90689795595172
17 25 11.906680748522287
18 25 11.906486831563228
19 25 11.906312728496571
20 25 11.90615561214444
21 25 11.906013161377656
22 25 11.905883453967991
23 25 11.905764885411566
24 25 11.90565610666441
25 25 11.905555975850625
26 25 11.90546352042411
27 25 11.905377907246363
28 25 11.90529841872143
29 25 11.90522443361562
30 25 11.905155411532514
31 25 11.905090880263451
32 25 11.905030425419435
33 25 11.904973681883158
34 25 11.904920326725689
35 25 11.904870073304577
36 25 11.904822666327075
37 25 11.904777877694954
38 25 11.904735502995639
39 25 11.90469535852557
40 25 11.904657278752826
41 25 11.904621114144645
42 25 11.904586729302125
43 25 11.904554001348746
44 25 11.904522818536012
45 25 11.904493079029136
46 25 11.90446468984899
47 25 11.90443756594419
48 25 11.904411629375506
49 25 11.904386808597902
50 25 11.904363037824465
51 25 11.90434025646379
52 25 11.904318408618431
53 25 11.90429744263994
54 25 11.904277310730386
55 25 11.904257968586197
56 25 11.904239375079117
57 25 11.904221491971219
58 25 11.904204283657132
59 25 11.904187716932903
60 25 11.904171760789115
61 25 11.904156386222455
62 25 11.904141566067388
63 25 11.904127274843697
64 25 11.90411348861879
65 25 11.904100184883283
66 25 11.904087342438611
67 25 11.904074941295145
68 25 11.904062962580193
69 25 11.9040513884541
70 25 11.90404020203504
71 25 11.904029387329714
72 25 11.904018929170498
73 25 11.904008813159772
74 25 11.903999025616251
75 25 11.903989553529271
76 25 11.90398038451479
77 25 11.90397150677575
78 25 11.903962909066184
79 25 11.903954580657754
80 25 11.903946511309394
81 25 11.903938691238885
82 25 11.903931111096696
83 25 11.903923761942666
84 25 11.903916635223467
85 25 11.903909722751221
86 25 11.903903016685568
87 25 11.903896509515047
88 25 11.903890194040985
89 25 11.90388406336096
90 25 11.903878110855558
91 25 11.903872330173916
92 25 11.903866715221113
93 25 11.903861260146662
94 25 11.903855959331759
95 25 11.903850807380723
96 25 11.903845799109316
97 25 11.90384092953573
98 25 11.903836193871786
99 25 11.903831587513983
0 50 11.874133064211371
1 50 11.852681215924827
2 50 11.838708987829127
3 50 11.829921405810138
4 50 11.824114750359511
5 50 11.82004546686729
6 50 11.817050671864898
7 50 11.81476004059908
8 50 11.812953683690695
9 50 11.811493794625099
10 50 11.810290046745752
11 50 11.809280975071943
12 50 11.808423397682533
13 50 11.8076861237355
14 50 11.807046065473717
15 50 11.806485756793816
16 50 11.805991724686493
17 50 11.805553393827559
18 50 11.805162333387372
19 50 11.80481172867718
20 50 11.804496003580018
21 50 11.804210546001647
22 50 11.803951504903608
23 50 11.803715637865338
24 50 11.80350019486139
25 50 11.803302828377912
26 50 11.803121522969791
27 50 11.802954539374602
28 50 11.802800369679032
29 50 11.802657700994464
30 50 11.802525385766186
31 50 11.80240241731446
32 50 11.802287909548419
33 50 11.802181080035805
34 50 11.802081235799022
35 50 11.801987761337726
36 50 11.80190010848335
37 50 11.801817787771252
38 50 11.801740361071925
39 50 11.801667435276682
40 50 11.801598656867231
41 50 11.801533707229668
42 50 11.801472298598092
43 50 11.801414170533876
44 50 11.80135908685954
45 50 11.80130683298336
46 50 11.801257213556559
47 50 11.801210050420371
48 50 11.80116518079894
49 50 11.801122455709212
50 50 11.801081738556613
51 50 11.801042903892967
52 50 11.801005836316081
53 50 11.800970429494226
54 50 11.800936585297675
55 50 11.800904213026241
56 50 11.80087322872129
57 50 11.800843554548877
58 50 11.800815118251721
59 50 11.800787852655276
60 50 11.800761695226225
61 50 11.800736587675578
62 50 11.800712475601506
63 50 11.80068930816805
64 50 11.800667037814721
65 50 11.800645619993952
66 50 11.80062501293461
67 50 11.800605177426435
68 50 11.80058607662542
69 50 11.80056767587588
70 50 11.80054994254974
71 50 11.800532845899575
72 50 11.800516356923483
73 50 11.800500448243548
74 50 11.800485093992966
75 50 11.800470269713578
76 50 11.800455952260734
77 50 11.800442119718015
78 50 11.800428751315886
79 50 11.800415827359895
80 50 11.80040332916063
81 50 11.80039123897437
82 50 11.800379539942025
83 50 11.800368216038049
84 50 11.800357252019959
85 50 11.800346633381789
86 50 11.800336346312747
87 50 11.800326377656425
88 50 11.800316714874782
89 50 11.800307346012826
90 50 11.800298259667198
91 50 11.800289444956531
92 50 11.80028089149267
93 50 11.800272589354908
94 50 11.80026452906601
95 50 11.800256701568424
96 50 11.80024909820371
97 50 11.800241710691484
98 50 11.800234531110723
99 50 11.800227551882646
0 100 11.741211235280458
1 100 11.698349109323459
2 100 11.67037921917014
3 100 11.652774258946474
4 100 11.641160034120661
5 100 11.633052047688393
6 100 11.627118383883056
7 100 11.622611861268997
8 100 11.619087449360471
9 100 11.616265454339278
10 100 11.61396198423374
11 100 11.612051478553356
12 100 11.610445417573253
13 100 11.609079664733551
14 100 11.607906644677188
15 100 11.606890343761869
16 100 11.606003017389847
17 100 11.605222962304955
18 100 11.60453297245021
19 100 11.603919245097
20 100 11.603370590714421
21 100 11.602877852235379
22 100 11.602433471557609
23 100 11.602031161437791
24 100 11.601665654059786
25 100 11.601332506200341
26 100 11.601027946734659
27 100 11.600748756195772
28 100 11.600492170870085
29 100 11.600255805862231
30 100 11.60003759295626
31 100 11.59983573011329
32 100 11.599648640190855
33 100 11.599474937015327
34 100 11.599313397353662
35 100 11.599162937647144
36 100 11.599022594605875
37 100 11.598891508947181
38 100 11.598768911709547
39 100 11.598654112682333
40 100 11.598546490581644
41 100 11.598445484674377
42 100 11.598350587607047
43 100 11.598261339241176
44 100 11.598177321333807
45 100 11.59809815292978
46 100 11.598023486356418
47 100 11.597953003729057
48 100 11.597886413893189
49 100 11.597823449739742
50 100 11.597763865839967
51 100 11.597707436357513
52 100 11.597653953199478
53 100 11.59760322437288
54 100 11.597555072523416
55 100 11.597509333630358
56 100 11.597465855838918
57 100 11.597424498413275
58 100 11.597385130796871
59 100 11.5973476317638
60 100 11.59731188865552
61 100 11.597277796688298
62 100 11.597245258326979
63 100 11.597214182716629
64 100 11.597184485164822
65 100 11.597156086670324
66 100 11.597128913493346
67 100 11.59710289676258
68 100 11.597077972115184
69 100 11.597054079367432
70 100 11.597031162211914
71 100 11.597009167939305
72 100 11.59698804718323
73 100 11.596967753683238
74 100 11.5969482440694
75 100 11.59692947766063
76 100 11.596911416279562
77 100 11.596894024082124
78 100 11.596877267397593
79 100 11.596861114584012
80 100 11.596845535890878
81 100 11.596830503333363
82 100 11.596815990575994
83 100 11.596801972823496
84 100 11.59678842672073
85 100 11.596775330258211
86 100 11.59676266268624
87 100 11.596750404432774
88 100 11.596738537028864
89 100 11.596727043038364
90 100 11.596715905992276
91 100 11.596705110328834
92 100 11.596694641335496
93 100 11.59668448509707
94 100 11.596674628446257
95 100 11.596665058917523
96 100 11.596655764703812
97 100 11.596646734617288
98 100 11.596637958051142
99 100 11.596629424945306
0 500 10.686479335543487
1 500 10.488880275360767
2 500 10.361687848307605
3 500 10.28352374460984
4 500 10.233533570886259
5 500 10.199819531736274
6 500 10.17602204306867
7 500 10.15860509686896
8 500 10.145487357453534
9 500 10.13537723470254
10 500 10.127436289165692
11 500 10.121099320488627
12 500 10.11597312653806
13 500 10.111776864475495
14 500 10.108305465891958
15 500 10.105406373141989
16 500 10.10296427044751
17 500 10.10089078199524
18 500 10.099117353787166
19 500 10.09759023336338
20 500 10.096266865524703
21 500 10.09511326396635
22 500 10.094102067887281
23 500 10.093211087196023
24 500 10.092422201304899
25 500 10.091720517173847
26 500 10.091093719704153
27 500 10.090531566392235
28 500 10.090025491250158
29 500 10.089568292233139
30 500 10.089153883007132
31 500 10.08877709466464
32 500 10.088433516469127
33 500 10.088119367293956
34 500 10.087831391327185
35 500 10.08756677306888
36 500 10.08732306773496
37 500 10.087098144023246
38 500 10.086890136845293
39 500 10.086697408120127
40 500 10.086518514124034
41 500 10.086352178188438
42 500 10.086197267779397
43 500 10.086052775182612
44 500 10.08591780116251
45 500 10.08579154109014
46 500 10.085673273119541
47 500 10.085562348078014
48 500 10.085458180789214
49 500 10.085360242602194
50 500 10.085268054934307
51 500 10.085181183676006
52 500 10.08509923432247
53 500 10.085021847727083
54 500 10.084948696384933
55 500 10.084879481169576
56 500 10.084813928461388
57 500 10.084751787611198
58 500 10.084692828695935
59 500 10.084636840526143
60 500 10.084583628873494
61 500 10.084533014891068
62 500 10.084484833699916
63 500 10.084438933125032
64 500 10.084395172559992
65 500 10.084353421947693
66 500 10.084313560861018
67 500 10.084275477675508
68 500 10.08423906882092
69 500 10.084204238105208
70 500 10.084170896101496
71 500 10.084138959593577
72 500 10.084108351071073
73 500 10.084078998272286
74 500 10.084050833766701
75 500 10.084023794576552
76 500 10.083997821830685
77 500 10.083972860449387
78 500 10.083948858856257
79 500 10.083925768715712
80 500 10.083903544691443
81 500 10.083882144227122
82 500 10.083861527343553
83 500 10.083841656454858
84 500 10.083822496197486
85 500 10.083804013274657
86 500 10.083786176313168
87 500 10.083768955731367
88 500 10.083752323617084
89 500 10.083736253616522
90 500 10.083720720830124
91 500 10.083705701717973
92 500 10.083691174010786
93 500 10.0836771166295
94 500 10.08366350960862
95 500 10.083650334027318
96 500 10.083637571943868
97 500 10.083625206336142
98 500 10.083613221045363
99 500 10.083601600724334
