0 5 11.994122549190608
1 5 11.992352474951737
2 5 11.991204693343734
3 5 11.990486463746064
4 5 11.990011447939397
5 5 11.989675978595715
6 5 11.989426115751895
7 5 11.989232362820118
8 5 11.98907742559869
9 5 11.988950508023343
10 5 11.988844517132476
11 5 11.988754597349855
12 5 11.988677310853108
13 5 11.988610153516328
14 5 11.988551256013524
15 5 11.988499192455798
16 5 11.988452854162526
17 5 11.98841136425585
18 5 11.988374018582933
19 5 11.988340244023567
20 5 11.988309568521915
21 5 11.988281599172446
22 5 11.988256005932177
23 5 11.988232509324748
24 5 11.988210871020025
25 5 11.988190886515651
26 5 11.988172379374152
27 5 11.988155196630553
28 5 11.988139205089883
29 5 11.988124288312587
30 5 11.988110344135821
31 5 11.988097282619506
32 5 11.988085024332412
33 5 11.988073498912263
34 5 11.98806264384951
35 5 11.988052403455633
36 5 11.988042727984187
37 5 11.988033572879086
38 5 11.988024898129604
39 5 11.988016667715435
40 5 11.98800884912828
41 5 11.988001412958669
42 5 11.987994332536827
43 5 11.987987583621319
44 5 11.987981144128694
45 5 11.987974993897167
46 5 11.987969114480029
47 5 11.987963488965157
48 5 11.9879581018166
49 5 11.98795293873563
50 5 11.987947986537462
51 5 11.987943233043675
52 5 11.987938666985995
53 5 11.98793427792151
54 5 11.987930056158138
55 5 11.987925992685906
56 5 11.98792207911868
57 5 11.987918307640038
58 5 11.98791467095503
59 5 11.987911162247688
60 5 11.98790777514202
61 5 11.98790450366717
62 5 11.987901342225744
63 5 11.98789828556534
64 5 11.987895328752412
65 5 11.987892467149248
66 5 11.987889696391658
67 5 11.987887012370173
68 5 11.987884411211505
69 5 11.987881889262537
70 5 11.987879443075586
71 5 11.987877069393448
72 5 11.987874765137997
73 5 11.987872527397343
74 5 11.987870353416277
75 5 11.987868240585042
76 5 11.987866186430583
77 5 11.987864188608448
78 5 11.987862244894304
79 5 11.987860353176357
80 5 11.98785851144966
81 5 11.987856717807963
82 5 11.987854970439848
83 5 11.98785326762161
84 5 11.987851607712773
85 5 11.98784998915143
86 5 11.987848410449166
87 5 11.987846870187573
88 5 11.987845367014035
89 5 11.987843899637808
90 5 11.987842466826969
91 5 11.98784106740532
92 5 11.987839700248758
93 5 11.987838364283112
94 5 11.987837058480968
95 5 11.987835781859753
96 5 11.987834533478566
97 5 11.987833312436962
98 5 11.987832117872104
99 5 11.987830948957308
100 5 11.987829804900036
101 5 11.987828684940197
102 5 11.987827588347919
103 5 11.98782651442342
104 5 11.987825462494383
105 5 11.98782443191469
106 5 11.987823422063999
107 5 11.987822432345201
108 5 11.987821462184849
109 5 11.987820511030401
110 5 11.987819578350578
111 5 11.987818663633885
112 5 11.987817766387046
113 5 11.987816886135576
114 5 11.98781602242149
115 5 11.987815174803696
116 5 11.987814342856218
117 5 11.98781352616843
118 5 11.987812724344103
119 5 11.987811937000057
120 5 11.987811163767
121 5 11.987810404287458
122 5 11.987809658216428
123 5 11.987808925219822
124 5 11.987808204975073
125 5 11.987807497170012
126 5 11.987806801502341
127 5 11.98780611767972
128 5 11.98780544541885
129 5 11.987804784445549
130 5 11.98780413449395
131 5 11.987803495306618
132 5 11.987802866633984
133 5 11.987802248233965
134 5 11.987801639871757
135 5 11.987801041319845
136 5 11.987800452356792
137 5 11.987799872768303
138 5 11.98779930234626
139 5 11.987798740888119
140 5 11.987798188197358
141 5 11.987797644083408
142 5 11.987797108360553
143 5 11.987796580848203
144 5 11.987796061371546
145 5 11.987795549759376
146 5 11.987795045846248
147 5 11.987794549470637
148 5 11.98779406047539
149 5 11.987793578707818
0 25 11.94070874229947
1 25 11.930121570522541
2 25 11.923211520227829
3 25 11.918850000873263
4 25 11.915957613908176
5 25 11.91392455418444
6 25 11.912425065161274
7 25 11.911276716768935
8 25 11.910370885621042
9 25 11.909639248666117
10 25 11.90903680128414
11 25 11.908532729285708
12 25 11.90810523577665
13 25 11.907738471400947
14 25 11.907420637948144
15 25 11.907142774529737
16 25 11.90689795595172
17 25 11.906680748522287
18 25 11.906486831563228
19 25 11.906312728496571
20 25 11.90615561214444
21 25 11.906013161377656
22 25 11.905883453967991
23 25 11.905764885411566
24 25 11.90565610666441
25 25 11.905555975850625
26 25 11.90546352042411
27 25 11.905377907246363
28 25 11.90529841872143
29 25 11.90522443361562
30 25 11.905155411532514
31 25 11.905090880263451
32 25 11.905030425419435
33 25 11.904973681883158
34 25 11.904920326725689
35 25 11.904870073304577
36 25 11.904822666327075
37 25 11.904777877694954
38 25 11.904735502995639
39 25 11.90469535852557
40 25 11.904657278752826
41 25 11.904621114144645
42 25 11.904586729302125
43 25 11.904554001348746
44 25 11.904522818536012
45 25 11.904493079029136
46 25 11.90446468984899
47 25 11.90443756594419
48 25 11.904411629375506
49 25 11.904386808597902
50 25 11.904363037824465
51 25 11.90434025646379
52 25 11.904318408618431
53 25 11.90429744263994
54 25 11.904277310730386
55 25 11.904257968586197
56 25 11.904239375079117
57 25 11.904221491971219
58 25 11.904204283657132
59 25 11.904187716932903
60 25 11.904171760789115
61 25 11.904156386222455
62 25 11.904141566067388
63 25 11.904127274843697
64 25 11.90411348861879
65 25 11.904100184883283
66 25 11.904087342438611
67 25 11.904074941295145
68 25 11.904062962580193
69 25 11.9040513884541
70 25 11.90404020203504
71 25 11.904029387329714
72 25 11.904018929170498
73 25 11.904008813159772
74 25 11.903999025616251
75 25 11.903989553529271
76 25 11.90398038451479
77 25 11.90397150677575
78 25 11.903962909066184
79 25 11.903954580657754
80 25 11.903946511309394
81 25 11.903938691238885
82 25 11.903931111096696
83 25 11.903923761942666
84 25 11.903916635223467
85 25 11.903909722751221
86 25 11.903903016685568
87 25 11.903896509515047
88 25 11.903890194040985
89 25 11.90388406336096
90 25 11.903878110855558
91 25 11.903872330173916
92 25 11.903866715221113
93 25 11.903861260146662
94 25 11.903855959331759
95 25 11.903850807380723
96 25 11.903845799109316
97 25 11.90384092953573
98 25 11.903836193871786
99 25 11.903831587513983
100 25 11.903827106036399
101 25 11.903822745181927
102 25 11.903818500855435
103 25 11.903814369117216
104 25 11.903810346176122
105 25 11.90380642838338
106 25 11.903802612226725
107 25 11.903798894324442
108 25 11.903795271420694
109 25 11.903791740379827
110 25 11.9037882981812
111 25 11.903784941915525
112 25 11.903781668779674
113 25 11.903778476072146
114 25 11.903775361190283
115 25 11.903772321624665
116 25 11.903769354957019
117 25 11.90376645885524
118 25 11.903763631071419
119 25 11.90376086943718
120 25 11.903758171861805
121 25 11.903755536328568
122 25 11.903752960891648
123 25 11.903750443674497
124 25 11.903747982865738
125 25 11.903745576718078
126 25 11.903743223545018
127 25 11.90374092171866
128 25 11.903738669667735
129 25 11.903736465875626
130 25 11.903734308877656
131 25 11.903732197260222
132 25 11.903730129657351
133 25 11.903728104750991
134 25 11.90372612126726
135 25 11.903724177975947
136 25 11.903722273688992
137 25 11.903720407257921
138 25 11.903718577573956
139 25 11.903716783565047
140 25 11.903715024195545
141 25 11.903713298464648
142 25 11.903711605404665
143 25 11.903709944080791
144 25 11.90370831358901
145 25 11.903706713055586
146 25 11.90370514163564
147 25 11.90370359851213
148 25 11.903702082895572
149 25 11.903700594022027
0 50 11.874133064211371
1 50 11.852681215924827
2 50 11.838708987829127
3 50 11.829921405810138
4 50 11.824114750359511
5 50 11.82004546686729
6 50 11.817050671864898
7 50 11.81476004059908
8 50 11.812953683690695
9 50 11.811493794625099
10 50 11.810290046745752
11 50 11.809280975071943
12 50 11.808423397682533
13 50 11.8076861237355
14 50 11.807046065473717
15 50 11.806485756793816
16 50 11.805991724686493
17 50 11.805553393827559
18 50 11.805162333387372
19 50 11.80481172867718
20 50 11.804496003580018
21 50 11.804210546001647
22 50 11.803951504903608
23 50 11.803715637865338
24 50 11.80350019486139
25 50 11.803302828377912
26 50 11.803121522969791
27 50 11.802954539374602
28 50 11.802800369679032
29 50 11.802657700994464
30 50 11.802525385766186
31 50 11.80240241731446
32 50 11.802287909548419
33 50 11.802181080035805
34 50 11.802081235799022
35 50 11.801987761337726
36 50 11.80190010848335
37 50 11.801817787771252
38 50 11.801740361071925
39 50 11.801667435276682
40 50 11.801598656867231
41 50 11.801533707229668
42 50 11.801472298598092
43 50 11.801414170533876
44 50 11.80135908685954
45 50 11.80130683298336
46 50 11.801257213556559
47 50 11.801210050420371
48 50 11.80116518079894
49 50 11.801122455709212
50 50 11.801081738556613
51 50 11.801042903892967
52 50 11.801005836316081
53 50 11.800970429494226
54 50 11.800936585297675
55 50 11.800904213026241
56 50 11.80087322872129
57 50 11.800843554548877
58 50 11.800815118251721
59 50 11.800787852655276
60 50 11.800761695226225
61 50 11.800736587675578
62 50 11.800712475601506
63 50 11.80068930816805
64 50 11.800667037814721
65 50 11.800645619993952
66 50 11.80062501293461
67 50 11.800605177426435
68 50 11.80058607662542
69 50 11.80056767587588
70 50 11.80054994254974
71 50 11.800532845899575
72 50 11.800516356923483
73 50 11.800500448243548
74 50 11.800485093992966
75 50 11.800470269713578
76 50 11.800455952260734
77 50 11.800442119718015
78 50 11.800428751315886
79 50 11.800415827359895
80 50 11.80040332916063
81 50 11.80039123897437
82 50 11.800379539942025
83 50 11.800368216038049
84 50 11.800357252019959
85 50 11.800346633381789
86 50 11.800336346312747
87 50 11.800326377656425
88 50 11.800316714874782
89 50 11.800307346012826
90 50 11.800298259667198
91 50 11.800289444956531
92 50 11.80028089149267
93 50 11.800272589354908
94 50 11.80026452906601
95 50 11.800256701568424
96 50 11.80024909820371
97 50 11.800241710691484
98 50 11.800234531110723
99 50 11.800227551882646
100 50 11.800220765752783
101 50 11.800214165775817
102 50 11.800207745300774
103 50 11.800201497956476
104 50 11.800195417638784
105 50 11.800189498497831
106 50 11.800183734925781
107 50 11.800178121546175
108 50 11.800172653203038
109 50 11.800167324950657
110 50 11.800162132044292
111 50 11.800157069930977
112 50 11.800152134240667
113 50 11.800147320778548
114 50 11.800142625516951
115 50 11.800138044587891
116 50 11.800133574275975
117 50 11.800129211012294
118 50 11.80012495136715
119 50 11.80012079204476
120 50 11.800116729877043
121 50 11.800112761817921
122 50 11.800108884938457
123 50 11.8001050964221
124 50 11.800101393559231
125 50 11.800097773742259
126 50 11.800094234462788
127 50 11.800090773305685
128 50 11.800087387946462
129 50 11.800084076146486
130 50 11.800080835749904
131 50 11.800077664680169
132 50 11.80007456093637
133 50 11.800071522590343
134 50 11.800068547783496
135 50 11.800065634723895
136 50 11.80006278168372
137 50 11.800059986996168
138 50 11.800057249053431
139 50 11.800054566303933
140 50 11.800051937250194
141 50 11.80004936044647
142 50 11.800046834496401
143 50 11.800044358051863
144 50 11.80004192980983
145 50 11.800039548511712
146 50 11.80003721294024
147 50 11.80003492191939
148 50 11.800032674311273
149 50 11.800030469015622
0 100 11.741211235280458
1 100 11.698349109323459
2 100 11.67037921917014
3 100 11.652774258946474
4 100 11.641160034120661
5 100 11.633052047688393
6 100 11.627118383883056
7 100 11.622611861268997
8 100 11.619087449360471
9 100 11.616265454339278
10 100 11.61396198423374
11 100 11.612051478553356
12 100 11.610445417573253
13 100 11.609079664733551
14 100 11.607906644677188
15 100 11.606890343761869
16 100 11.606003017389847
17 100 11.605222962304955
18 100 11.60453297245021
19 100 11.603919245097
20 100 11.603370590714421
21 100 11.602877852235379
22 100 11.602433471557609
23 100 11.602031161437791
24 100 11.601665654059786
25 100 11.601332506200341
26 100 11.601027946734659
27 100 11.600748756195772
28 100 11.600492170870085
29 100 11.600255805862231
30 100 11.60003759295626
31 100 11.59983573011329
32 100 11.599648640190855
33 100 11.599474937015327
34 100 11.599313397353662
35 100 11.599162937647144
36 100 11.599022594605875
37 100 11.598891508947181
38 100 11.598768911709547
39 100 11.598654112682333
40 100 11.598546490581644
41 100 11.598445484674377
42 100 11.598350587607047
43 100 11.598261339241176
44 100 11.598177321333807
45 100 11.59809815292978
46 100 11.598023486356418
47 100 11.597953003729057
48 100 11.597886413893189
49 100 11.597823449739742
50 100 11.597763865839967
51 100 11.597707436357513
52 100 11.597653953199478
53 100 11.59760322437288
54 100 11.597555072523416
55 100 11.597509333630358
56 100 11.597465855838918
57 100 11.597424498413275
58 100 11.597385130796871
59 100 11.5973476317638
60 100 11.59731188865552
61 100 11.597277796688298
62 100 11.597245258326979
63 100 11.597214182716629
64 100 11.597184485164822
65 100 11.597156086670324
66 100 11.597128913493346
67 100 11.59710289676258
68 100 11.597077972115184
69 100 11.597054079367432
70 100 11.597031162211914
71 100 11.597009167939305
72 100 11.59698804718323
73 100 11.596967753683238
74 100 11.5969482440694
75 100 11.59692947766063
76 100 11.596911416279562
77 100 11.596894024082124
78 100 11.596877267397593
79 100 11.596861114584012
80 100 11.596845535890878
81 100 11.596830503333363
82 100 11.596815990575994
83 100 11.596801972823496
84 100 11.59678842672073
85 100 11.596775330258211
86 100 11.59676266268624
87 100 11.596750404432774
88 100 11.596738537028864
89 100 11.596727043038364
90 100 11.596715905992276
91 100 11.596705110328834
92 100 11.596694641335496
93 100 11.59668448509707
94 100 11.596674628446257
95 100 11.596665058917523
96 100 11.596655764703812
97 100 11.596646734617288
98 100 11.596637958051142
99 100 11.596629424945306
100 100 11.596621125752845
101 100 11.596613051410657
102 100 11.596605193309907
103 100 11.59659754326954
104 100 11.59659009351208
105 100 11.596582836638987
106 100 11.59657576560982
107 100 11.596568873721289
108 100 11.596562154587962
109 100 11.596555602124651
110 100 11.596549210529181
111 100 11.59654297426712
112 100 11.596536888056601
113 100 11.596530946854115
114 100 11.596525145842142
115 100 11.5965194804167
116 100 11.5965139461756
117 100 11.596508538907967
118 100 11.59650325458399
119 100 11.596498089345642
120 100 11.596493039496877
121 100 11.596488101496593
122 100 11.59648327194953
123 100 11.596478547599363
124 100 11.596473925321527
125 100 11.5964694021167
126 100 11.596464975104734
127 100 11.596460641518178
128 100 11.596456398697748
129 100 11.596452244085986
130 100 11.59644817522328
131 100 11.596444189742334
132 100 11.596440285364725
133 100 11.59643645989622
134 100 11.59643271122301
135 100 11.596429037307491
136 100 11.596425436185656
137 100 11.596421905962899
138 100 11.59641844481158
139 100 11.596415050967746
140 100 11.596411722728252
141 100 11.59640845844781
142 100 11.596405256537505
143 100 11.596402115460794
144 100 11.596399033732675
145 100 11.596396009917136
146 100 11.596393042623921
147 100 11.596390130508514
148 100 11.596387272268744
149 100 11.596384466643757
0 500 10.686479335543487
1 500 10.488880275360767
2 500 10.361687848307605
3 500 10.28352374460984
4 500 10.233533570886259
5 500 10.199819531736274
6 500 10.17602204306867
7 500 10.15860509686896
8 500 10.145487357453534
9 500 10.13537723470254
10 500 10.127436289165692
11 500 10.121099320488627
12 500 10.11597312653806
13 500 10.111776864475495
14 500 10.108305465891958
15 500 10.105406373141989
16 500 10.10296427044751
17 500 10.10089078199524
18 500 10.099117353787166
19 500 10.09759023336338
20 500 10.096266865524703
21 500 10.09511326396635
22 500 10.094102067887281
23 500 10.093211087196023
24 500 10.092422201304899
25 500 10.091720517173847
26 500 10.091093719704153
27 500 10.090531566392235
28 500 10.090025491250158
29 500 10.089568292233139
30 500 10.089153883007132
31 500 10.08877709466464
32 500 10.088433516469127
33 500 10.088119367293956
34 500 10.087831391327185
35 500 10.08756677306888
36 500 10.08732306773496
37 500 10.087098144023246
38 500 10.086890136845293
39 500 10.086697408120127
40 500 10.086518514124034
41 500 10.086352178188438
42 500 10.086197267779397
43 500 10.086052775182612
44 500 10.08591780116251
45 500 10.08579154109014
46 500 10.085673273119541
47 500 10.085562348078014
48 500 10.085458180789214
49 500 10.085360242602194
50 500 10.085268054934307
51 500 10.085181183676006
52 500 10.08509923432247
53 500 10.085021847727083
54 500 10.084948696384933
55 500 10.084879481169576
56 500 10.084813928461388
57 500 10.084751787611198
58 500 10.084692828695935
59 500 10.084636840526143
60 500 10.084583628873494
61 500 10.084533014891068
62 500 10.084484833699916
63 500 10.084438933125032
64 500 10.084395172559992
65 500 10.084353421947693
66 500 10.084313560861018
67 500 10.084275477675508
68 500 10.08423906882092
69 500 10.084204238105208
70 500 10.084170896101496
71 500 10.084138959593577
72 500 10.084108351071073
73 500 10.084078998272286
74 500 10.084050833766701
75 500 10.084023794576552
76 500 10.083997821830685
77 500 10.083972860449387
78 500 10.083948858856257
79 500 10.083925768715712
80 500 10.083903544691443
81 500 10.083882144227122
82 500 10.083861527343553
83 500 10.083841656454858
84 500 10.083822496197486
85 500 10.083804013274657
86 500 10.083786176313168
87 500 10.083768955731367
88 500 10.083752323617084
89 500 10.083736253616522
90 500 10.083720720830124
91 500 10.083705701717973
92 500 10.083691174010786
93 500 10.0836771166295
94 500 10.08366350960862
95 500 10.083650334027318
96 500 10.083637571943868
97 500 10.083625206336142
98 500 10.083613221045363
99 500 10.083601600724334
100 500 10.08359033078893
101 500 10.083579397373411
102 500 10.083568787288149
103 500 10.083558487981378
104 500 10.08354848750132
105 500 10.08353877446359
106 500 10.083529338018293
107 500 10.083520167821042
108 500 10.08351125400445
109 500 10.083502587152381
110 500 10.08349415827576
111 500 10.083485958788913
112 500 10.083477980488631
113 500 10.083470215533845
114 500 10.08346265642674
115 500 10.083455295994852
116 500 10.083448127373854
117 500 10.083441143992655
118 500 10.083434339558053
119 500 10.083427708040295
120 500 10.083421243660915
121 500 10.083414940879752
122 500 10.083408794383029
123 500 10.083402799072456
124 500 10.083396950055095
125 500 10.083391242633194
126 500 10.083385672294803
127 500 10.083380234705348
128 500 10.083374925699077
129 500 10.083369741270642
130 500 10.083364677569117
131 500 10.083359730889276
132 500 10.083354897665965
133 500 10.083350174467618
134 500 10.083345557989867
135 500 10.083341045050242
136 500 10.083336632582668
137 500 10.083332317632646
138 500 10.083328097351432
139 500 10.083323968993007
140 500 10.083319929908082
141 500 10.083315977541105
142 500 10.083312109425911
143 500 10.083308323181837
144 500 10.08330461651044
145 500 10.083300987191622
146 500 10.083297433081315
147 500 10.08329395210734
148 500 10.083290542267285
149 500 10.083287201625428
0 600 10.42552292942541
1 600 10.193827431915167
2 600 10.045120258660345
3 600 9.954219606568651
4 600 9.896493858988826
5 600 9.857882480212416
6 600 9.83087353172364
7 600 9.811291825786729
8 600 9.796681128913901
9 600 9.785520085866652
10 600 9.776825041589332
11 600 9.769936951646558
12 600 9.764400891725854
13 600 9.759894792668868
14 600 9.756185637026626
15 600 9.753101629297438
16 600 9.75051400221921
17 600 9.748324822649485
18 600 9.746458636812797
19 600 9.74485663244639
20 600 9.743472486870541
21 600 9.742269366701631
22 600 9.741217728458924
23 600 9.74029368532857
24 600 9.739477780151367
25 600 9.738754053830107
26 600 9.738109331210534
27 600 9.73753266882659
28 600 9.737014924336068
29 600 9.736548418283759
30 600 9.73612666651568
31 600 9.73574416707952
32 600 9.735396229461909
33 600 9.735078836945837
34 600 9.734788535052383
35 600 9.734522340646564
36 600 9.73427766751397
37 600 9.734052265130108
38 600 9.733844168057855
39 600 9.733651653943227
40 600 9.733473208500632
41 600 9.73330749620596
42 600 9.733153335668463
43 600 9.733009678854405
44 600 9.73287559349343
45 600 9.732750248127356
46 600 9.73263289935623
47 600 9.732522880924774
48 600 9.732419594348672
49 600 9.732322500841573
50 600 9.732231114337578
51 600 9.73214499544391
52 600 9.732063746185265
53 600 9.731987005423044
54 600 9.731914444852178
55 600 9.731845765494427
56 600 9.731780694619694
57 600 9.731718983034746
58 600 9.731660402693727
59 600 9.73160474458355
60 600 9.731551816853043
61 600 9.73150144315062
62 600 9.731453461147623
63 600 9.731407721221382
64 600 9.731364085281612
65 600 9.731322425719334
66 600 9.73128262446721
67 600 9.731244572155251
68 600 9.731208167353952
69 600 9.731173315891763
70 600 9.731139930240305
71 600 9.731107928960656
72 600 9.731077236201074
73 600 9.731047781243934
74 600 9.731019498093842
75 600 9.73099232510491
76 600 9.730966204641266
77 600 9.730941082768263
78 600 9.730916908970848
79 600 9.73089363589757
80 600 9.730871219126085
81 600 9.730849616947781
82 600 9.730828790172687
83 600 9.7308087019486
84 600 9.730789317597084
85 600 9.73077060446024
86 600 9.730752531762679
87 600 9.730735070482126
88 600 9.730718193231697
89 600 9.73070187415035
90 600 9.730686088802477
91 600 9.730670814084455
92 600 9.730656028138883
93 600 9.730641710274272
94 600 9.730627840891895
95 600 9.730614401416753
96 600 9.73060137423434
97 600 9.730588742631417
98 600 9.730576490740976
99 600 9.73056460349156
100 600 9.730553066559713
101 600 9.73054186632529
102 600 9.730530989830463
103 600 9.7305204247416
104 600 9.730510159312773
105 600 9.730500182352486
106 600 9.730490483192444
107 600 9.73048105165797
108 600 9.730471878040916
109 600 9.73046295307333
110 600 9.730454267904378
111 600 9.7304458140772
112 600 9.730437583507774
113 600 9.730429568465288
114 600 9.730421761553403
115 600 9.730414155692761
116 600 9.73040674410498
117 600 9.73039952029648
118 600 9.730392478044601
119 600 9.730385611383571
120 600 9.730378914592142
121 600 9.730372382180498
122 600 9.73036600888006
123 600 9.73035978963189
124 600 9.73035371957687
125 600 9.730347794045931
126 600 9.730342008551302
127 600 9.730336358777938
128 600 9.730330840575167
129 600 9.730325449949207
130 600 9.730320183056172
131 600 9.730315036195034
132 600 9.730310005801334
133 600 9.730305088440904
134 600 9.73030028080419
135 600 9.730295579700913
136 600 9.730290982054267
137 600 9.730286484897032
138 600 9.730282085366015
139 600 9.73027778069771
140 600 9.730273568224789
141 600 9.730269445371352
142 600 9.730265409649151
143 600 9.73026145865472
144 600 9.730257590064985
145 600 9.730253801634719
146 600 9.730250091192975
147 600 9.730246456640353
148 600 9.730242895946157
149 600 9.730239407145717
0 700 10.165562868024793
1 700 9.901549614034758
2 700 9.732441580606906
3 700 9.629615995324318
4 700 9.564820738767155
5 700 9.521878004330194
6 700 9.492136574454445
7 700 9.470791811871552
8 700 9.455023559046053
9 700 9.443091339118329
10 700 9.433875468640144
11 700 9.42663062314059
12 700 9.420846309543176
13 700 9.416164257591115
14 700 9.412327658155263
15 700 9.409148977390839
16 700 9.40648898994026
17 700 9.404242792840474
18 700 9.402330277993364
19 700 9.400689519489697
20 700 9.399272106794545
21 700 9.398039801412
22 700 9.396962108848271
23 700 9.396014493102813
24 700 9.395177048353782
25 700 9.394433500029407
26 700 9.393770445950816
27 700 9.393176774370984
28 700 9.39264321370353
29 700 9.39216198125169
30 700 9.391726507042117
31 700 9.391331215128563
32 700 9.390971349222555
33 700 9.390642832770979
34 700 9.390342155986898
35 700 9.390066284110205
36 700 9.389812582490924
37 700 9.38957875508083
38 700 9.389362793672975
39 700 9.38916293580095
40 700 9.38897762965273
41 700 9.388805504694515
42 700 9.388645346966744
43 700 9.388496078218544
44 700 9.388356738214442
45 700 9.388226469669783
46 700 9.38810450537839
47 700 9.387990157172865
48 700 9.387882806425884
49 700 9.387781895848791
50 700 9.387686922392332
51 700 9.387597431079023
52 700 9.387513009633558
53 700 9.387433283793936
54 700 9.387357913207648
55 700 9.387286587830157
56 700 9.387219024758366
57 700 9.387154965439787
58 700 9.387094173207327
59 700 9.387036431098165
60 700 9.386981539919674
61 700 9.386929316531463
62 700 9.38687959231666
63 700 9.386832211819275
64 700 9.386787031526726
65 700 9.386743918782853
66 700 9.386702750811606
67 700 9.386663413843689
68 700 9.386625802329629
69 700 9.386589818233617
70 700 9.386555370395714
71 700 9.386522373956746
72 700 9.386490749839302
73 700 9.38646042427672
74 700 9.386431328387543
75 700 9.386403397788888
76 700 9.386376572245139
77 700 9.386350795349028
78 700 9.386326014229644
79 700 9.386302179288696
80 700 9.38627924395723
81 700 9.386257164474827
82 700 9.386235899686879
83 700 9.386215410859522
84 700 9.386195661508928
85 700 9.386176617245672
86 700 9.386158245630702
87 700 9.386140516043751
88 700 9.386123399561448
89 700 9.386106868845383
90 700 9.386090898038356
91 700 9.386075462669053
92 700 9.386060539563987
93 700 9.3860461067648
94 700 9.386032143453695
95 700 9.38601862988204
96 700 9.386005547306654
97 700 9.385992877927556
98 700 9.385980604833254
99 700 9.38596871194745
100 700 9.385957183980551
101 700 9.385946006384742
102 700 9.385935165310864
103 700 9.385924647569455
104 700 9.385914440593497
105 700 9.3859045324044
106 700 9.385894911579005
107 700 9.385885567220104
108 700 9.385876488927655
109 700 9.385867666772594
110 700 9.385859091271396
111 700 9.385850753363622
112 700 9.385842644389069
113 700 9.385834756067716
114 700 9.38582708048003
115 700 9.385819610049131
116 700 9.385812337522985
117 700 9.385805255958983
118 700 9.385798358707826
119 700 9.385791639399981
120 700 9.385785091931366
121 700 9.38577871045124
122 700 9.385772489349224
123 700 9.38576642324494
124 700 9.385760506975808
125 700 9.385754735588433
126 700 9.385749104327385
127 700 9.385743608626996
128 700 9.385738244102242
129 700 9.385733006540656
130 700 9.385727891894527
131 700 9.385722896273087
132 700 9.385718015936101
133 700 9.385713247287
134 700 9.385708586865803
135 700 9.385704031344307
136 700 9.385699577519535
137 700 9.38569522230839
138 700 9.385690962742753
139 700 9.38568679596421
140 700 9.385682719219703
141 700 9.385678729856659
142 700 9.385674825319168
143 700 9.385671003143772
144 700 9.38566726095523
145 700 9.38566359646348
146 700 9.385660007459908
147 700 9.385656491813345
148 700 9.385653047468145
149 700 9.385649672439799
0 800 9.906520774060164
1 800 9.611402087744205
2 800 9.42320353101811
3 800 9.309564067739878
4 800 9.23857839517147
5 800 9.191962556809052
6 800 9.15995938791107
7 800 9.137180054664842
8 800 9.120482768357618
9 800 9.107940361058086
10 800 9.09831947838009
11 800 9.090803208376531
12 800 9.084835085962219
13 800 9.080027040795203
14 800 9.076102871724872
15 800 9.072862398383922
16 800 9.070158121620565
17 800 9.067879693449772
18 800 9.065943388731236
19 800 9.06428484800161
20 800 9.062853997824751
21 800 9.061611443496929
22 800 9.060525871800461
23 800 9.059572156277456
24 800 9.058729957687744
25 800 9.057982678040647
26 800 9.057316670238635
27 800 9.05672063471391
28 800 9.056185154396907
29 800 9.05570233309899
30 800 9.055265511968905
31 800 9.054869045432543
32 800 9.054508122840637
33 800 9.054178625522715
34 800 9.053877011468925
35 800 9.053600221726914
36 800 9.053345603977624
37 800 9.053110849789725
38 800 9.052893942830892
39 800 9.052693115907203
40 800 9.052506815155837
41 800 9.052333670063122
42 800 9.052172468253211
43 800 9.052022134201492
44 800 9.051881711192319
45 800 9.051750345969063
46 800 9.051627275632011
47 800 9.05151181641503
48 800 9.051403354042982
49 800 9.051301335422474
50 800 9.05120526146011
51 800 9.051114680839142
52 800 9.051029184611604
53 800 9.050948401488903
54 800 9.050871993727737
55 800 9.050799653531408
56 800 9.050731099891205
57 800 9.05066607581056
58 800 9.050604345858893
59 800 9.050545694012238
60 800 9.050489921742395
61 800 9.050436846324176
62 800 9.050386299329926
63 800 9.050338125292242
64 800 9.050292180509667
65 800 9.050248331981605
66 800 9.050206456453788
67 800 9.050166439563943
68 800 9.05012817507393
69 800 9.050091564179398
70 800 9.050056514887483
71 800 9.050022941456307
72 800 9.049990763886308
73 800 9.049959907462522
74 800 9.049930302337373
75 800 9.04990188315265
76 800 9.049874588696348
77 800 9.049848361589465
78 800 9.049823148000561
79 800 9.049798897385692
80 800 9.049775562249916
81 800 9.049753097929376
82 800 9.049731462391703
83 800 9.049710616052911
84 800 9.049690521608591
85 800 9.049671143879216
86 800 9.049652449667953
87 800 9.049634407628494
88 800 9.049616988144452
89 800 9.049600163217098
90 800 9.049583906361713
91 800 9.049568192511735
92 800 9.049552997930196
93 800 9.04953830012703
94 800 9.049524077782916
95 800 9.049510310678079
96 800 9.049496979626378
97 800 9.049484066414058
98 800 9.04947155374178
99 800 9.049459425172348
100 800 9.04944766508029
101 800 9.049436258605308
102 800 9.049425191609382
103 800 9.049414450635895
104 800 9.049404022871826
105 800 9.049393896111992
106 800 9.049384058726062
107 800 9.049374499627016
108 800 9.04936520824233
109 800 9.049356174485956
110 800 9.049347388733036
111 800 9.04933884179522
112 800 9.04933052489829
113 800 9.049322429660302
114 800 9.04931454807154
115 800 9.049306872475949
116 800 9.0492993955524
117 800 9.049292110298346
118 800 9.049285010013895
119 800 9.049278088286512
120 800 9.049271338977011
121 800 9.049264756206329
122 800 9.049258334342245
123 800 9.049252067988116
124 800 9.049245951971114
125 800 9.049239981331889
126 800 9.049234151313843
127 800 9.049228457354067
128 800 9.049222895074134
129 800 9.049217460271334
130 800 9.049212148910549
131 800 9.049206957116969
132 800 9.049201881167743
133 800 9.049196917486247
134 800 9.049192062634194
135 800 9.049187313306549
136 800 9.049182666324784
137 800 9.049178118631811
138 800 9.04917366728572
139 800 9.049169309455534
140 800 9.049165042416224
141 800 9.0491608635435
142 800 9.049156770309947
143 800 9.049152760280888
144 800 9.049148831109934
145 800 9.049144980535765
146 800 9.049141206378062
147 800 9.04913750653417
148 800 9.049133878976146
149 800 9.04913032174706
0 900 9.649203708570925
1 900 9.325498242031927
2 900 9.119617964561996
3 900 8.99598894761547
4 900 8.919274103843252
5 900 8.869239387386457
6 900 8.835117511327137
7 900 8.810981033784477
8 900 8.79339011101018
9 900 8.78024741157153
10 900 8.770218733229914
11 900 8.76242461049827
12 900 8.75626798977055
13 900 8.75133349649451
14 900 8.747326106097148
15 900 8.744032470124168
16 900 8.741295806840546
17 900 8.738999205057674
18 900 8.737054300357011
19 900 8.735393463412528
20 900 8.733964328693308
21 900 8.732725908318908
22 900 8.731645795237851
23 900 8.730698125137366
24 900 8.729862073645156
25 900 8.72912073586488
26 900 8.728460282250401
27 900 8.727869316474756
28 900 8.727338382532656
29 900 8.726859583200296
30 900 8.726426282363745
31 900 8.726032871052631
32 900 8.725674582255081
33 900 8.72534734335972
34 900 8.725047657825009
35 900 8.724772509700873
36 900 8.724519286133633
37 900 8.72428571410041
38 900 8.724069808478038
39 900 8.723869829184283
40 900 8.7236842456232
41 900 8.723511707042276
42 900 8.723351017699011
43 900 8.723201115960633
44 900 8.72306105663492
45 900 8.722929995969617
46 900 8.722807178865422
47 900 8.722691927934205
48 900 8.722583634100733
49 900 8.722481748504242
50 900 8.722385775494516
51 900 8.722295266558667
52 900 8.722209815037132
53 900 8.722129051515749
54 900 8.722052639795374
55 900 8.721980273359566
56 900 8.721911672270668
57 900 8.721846580436425
58 900 8.721784763198675
59 900 8.721726005200987
60 900 8.721670108499683
61 900 8.721616890888319
62 900 8.721566184405978
63 900 8.721517834011799
64 900 8.721471696399103
65 900 8.721427638938065
66 900 8.721385538728036
67 900 8.721345281747851
68 900 8.721306762092834
69 900 8.721269881288444
70 900 8.721234547671465
71 900 8.721200675831593
72 900 8.721168186106821
73 900 8.721137004126064
74 900 8.721107060394965
75 900 8.721078289918854
76 900 8.72105063186041
77 900 8.721024029227527
78 900 8.720998428588327
79 900 8.720973779811143
80 900 8.720950035825831
81 900 8.720927152406237
82 900 8.720905087969564
83 900 8.720883803392066
84 900 8.720863261840675
85 900 8.720843428616192
86 900 8.720824271010404
87 900 8.720805758172807
88 900 8.720787860988711
89 900 8.720770551965078
90 900 8.72075380512611
91 900 8.720737595916255
92 900 8.720721901109254
93 900 8.720706698725124
94 900 8.720691967951714
95 900 8.720677689073167
96 900 8.720663843401763
97 900 8.720650413216273
98 900 8.720637381702483
99 900 8.720624732900005
100 900 8.720612451650434
101 900 8.720600523550672
102 900 8.72058893490852
103 900 8.720577672701314
104 900 8.720566724537141
105 900 8.720556078619113
106 900 8.720545723711364
107 900 8.720535649107024
108 900 8.720525844599328
109 900 8.720516300453152
110 900 8.72050700737938
111 900 8.720497956510386
112 900 8.72048913937714
113 900 8.720480547887487
114 900 8.72047217430649
115 900 8.720464011236757
116 900 8.720456051601522
117 900 8.720448288626875
118 900 8.72044071582684
119 900 8.72043332698836
120 900 8.720426116156707
121 900 8.720419077623708
122 900 8.720412205914066
123 900 8.720405495774411
124 900 8.720398942162177
125 900 8.720392540235279
126 900 8.720386285342046
127 900 8.720380173012828
128 900 8.720374198950466
129 900 8.720368359022311
130 900 8.720362649252827
131 900 8.72035706581579
132 900 8.72035160502789
133 900 8.720346263341419
134 900 8.72034103733907
135 900 8.720335923727097
136 900 8.720330919330676
137 900 8.720326021087905
138 900 8.720321226045163
139 900 8.720316531352283
140 900 8.720311934258438
141 900 8.720307432107319
142 900 8.720303022333441
143 900 8.72029870245827
144 900 8.72029447008681
145 900 8.720290322903555
146 900 8.720286258669892
147 900 8.72028227522058
148 900 8.720278370460916
149 900 8.720274542363658
0 1000 9.392349817858635
1 1000 9.041532991884452
2 1000 8.818891142670758
3 1000 8.685945358355038
4 1000 8.604127361496062
5 1000 8.551274727719674
6 1000 8.51558167438891
7 1000 8.49056416059857
8 1000 8.472478242663117
9 1000 8.459056710643807
10 1000 8.448869518512144
11 1000 8.440983378558174
12 1000 8.43477139202915
13 1000 8.42980185429563
14 1000 8.425770891598539
15 1000 8.422460381932897
16 1000 8.419710967907376
17 1000 8.417404341736813
18 1000 8.415451372428237
19 1000 8.413783998120545
20 1000 8.412349594853664
21 1000 8.411107004264624
22 1000 8.410023691129755
23 1000 8.409073682104385
24 1000 8.40823605217059
25 1000 8.407493800111633
26 1000 8.406833003715148
27 1000 8.406242178465332
28 1000 8.405711785910206
29 1000 8.405233853281063
30 1000 8.404801676634339
31 1000 8.404409587286942
32 1000 8.404052766649128
33 1000 8.403727098369417
34 1000 8.403429049478763
35 1000 8.403155574238992
36 1000 8.402904035891865
37 1000 8.402672142617803
38 1000 8.402457894842605
39 1000 8.402259541663042
40 1000 8.402075544639791
41 1000 8.40190454757528
42 1000 8.401745351178445
43 1000 8.401596891736675
44 1000 8.401458223092778
45 1000 8.401328501354268
46 1000 8.40120697187595
47 1000 8.401092958137337
48 1000 8.400985852208189
49 1000 8.400885106547616
50 1000 8.400790226928885
51 1000 8.400700766315785
52 1000 8.400616319547591
53 1000 8.400536518712215
54 1000 8.400461029106621
55 1000 8.400389545701783
56 1000 8.40032179003962
57 1000 8.400257507503053
58 1000 8.40019646490816
59 1000 8.400138448375664
60 1000 8.400083261444662
61 1000 8.400030723397826
62 1000 8.399980667771313
63 1000 8.399932941025922
64 1000 8.399887401359658
65 1000 8.399843917646473
66 1000 8.399802368483105
67 1000 8.39976264133474
68 1000 8.399724631765508
69 1000 8.399688242746114
70 1000 8.399653384028896
71 1000 8.399619971583451
72 1000 8.39958792708642
73 1000 8.399557177459162
74 1000 8.399527654447866
75 1000 8.399499294244057
76 1000 8.39947203713769
77 1000 8.399445827203198
78 1000 8.399420612011543
79 1000 8.399396342369688
80 1000 8.399372972081245
81 1000 8.399350457727813
82 1000 8.399328758469872
83 1000 8.399307835863143
84 1000 8.399287653690909
85 1000 8.399268177809985
86 1000 8.399249376008886
87 1000 8.399231217877682
88 1000 8.399213674687878
89 1000 8.399196719281987
90 1000 8.399180325971315
91 1000 8.399164470441024
92 1000 8.399149129664403
93 1000 8.399134281820414
94 1000 8.399119906220017
95 1000 8.3991059832365
96 1000 8.399092494240685
97 1000 8.399079421541726
98 1000 8.399066748330544
99 1000 8.399054458629182
100 1000 8.39904253724122
101 1000 8.399030969707685
102 1000 8.399019742264878
103 1000 8.39900884180459
104 1000 8.398998255837746
105 1000 8.3989879724603
106 1000 8.398977980321078
107 1000 8.398968268590876
108 1000 8.398958826935399
109 1000 8.39894964548794
110 1000 8.398940714824924
111 1000 8.398932025942587
112 1000 8.398923570234675
113 1000 8.398915339472174
114 1000 8.398907325783926
115 1000 8.398899521638047
116 1000 8.398891919825093
117 1000 8.398884513441457
118 1000 8.398877295874588
119 1000 8.39887026078793
120 1000 8.39886340210807
121 1000 8.398856714011139
122 1000 8.398850190911373
123 1000 8.39884382744923
124 1000 8.398837618480398
125 1000 8.39883155906637
126 1000 8.398825644463862
127 1000 8.398819870115922
128 1000 8.398814231643584
129 1000 8.398808724837322
130 1000 8.398803345649313
131 1000 8.398798090186132
132 1000 8.398792954701715
133 1000 8.398787935590724
134 1000 8.398783029382392
135 1000 8.39877823273425
136 1000 8.398773542426794
137 1000 8.39876895535786
138 1000 8.398764468537875
139 1000 8.398760079084289
140 1000 8.398755784217961
141 1000 8.398751581257757
142 1000 8.398747467617238
143 1000 8.39874344080004
144 1000 8.398739498396631
145 1000 8.398735638080101
146 1000 8.398731857603508
147 1000 8.398728154795952
148 1000 8.398724527559853
149 1000 8.398720973867784
